{
  "advancedEditorSelectedIdentifier" : "ProjectBrowser",
  "openSceneRelativePaths" : [
    "Immersive.usda",
    "Scene.usda"
  ],
  "recentIdentifiers" : {
    "D66134B1-3681-4A8E-AFE5-29F257229F3B" : [

    ]
  },
  "sceneCameraHistory" : {
    "D66134B1-3681-4A8E-AFE5-29F257229F3B" : [
      {
        "date" : 775550721.103845,
        "title" : "Untitled",
        "transform" : [
          -0.10125254,
          1.4183976e-09,
          -0.99486077,
          0,
          -0.44354334,
          0.8951154,
          0.045141917,
          0,
          0.8905152,
          0.44583464,
          -0.09063269,
          0,
          1.1986878,
          0.489818,
          0.012368582,
          1
        ]
      },
      {
        "date" : 775550718.574669,
        "title" : "Untitled",
        "transform" : [
          -0.10125254,
          1.4183976e-09,
          -0.99486077,
          0,
          -0.44354334,
          0.8951154,
          0.045141917,
          0,
          0.8905152,
          0.44583464,
          -0.09063269,
          0,
          1.1548653,
          0.46787828,
          0.016828656,
          1
        ]
      },
      {
        "date" : 775550709.235387,
        "title" : "Untitled",
        "transform" : [
          -0.10125254,
          1.4183976e-09,
          -0.99486077,
          0,
          -0.44354334,
          0.8951154,
          0.045141917,
          0,
          0.8905152,
          0.44583464,
          -0.09063269,
          0,
          1.1934266,
          0.5355672,
          0.7286861,
          1
        ]
      },
      {
        "date" : 775550707.318689,
        "title" : "Untitled",
        "transform" : [
          -0.10125254,
          1.4183976e-09,
          -0.99486077,
          0,
          -0.44354334,
          0.8951154,
          0.045141917,
          0,
          0.8905152,
          0.44583464,
          -0.09063269,
          0,
          1.2158941,
          0.43709153,
          0.46502483,
          1
        ]
      },
      {
        "date" : 775550622.42168,
        "title" : "Untitled",
        "transform" : [
          -0.101252526,
          1.4183974e-09,
          -0.99486065,
          0,
          -0.44354334,
          0.8951154,
          0.045141917,
          0,
          0.8905152,
          0.44583464,
          -0.09063269,
          0,
          1.0686284,
          0.6119576,
          -0.12175118,
          1
        ]
      },
      {
        "date" : 775550603.200946,
        "title" : "Untitled",
        "transform" : [
          0.89127743,
          4.70803e-10,
          -0.4534584,
          0,
          -0.45318222,
          0.034899652,
          -0.89073455,
          0,
          0.01582551,
          0.9993909,
          0.031105248,
          0,
          0.000121958554,
          1.2371271,
          -0.028261572,
          1
        ]
      },
      {
        "date" : 775550312.175851,
        "title" : "Untitled",
        "transform" : [
          0.89127743,
          4.70803e-10,
          -0.4534584,
          0,
          -0.45318222,
          0.034899652,
          -0.89073455,
          0,
          0.01582551,
          0.9993909,
          0.031105248,
          0,
          0.004358828,
          2.137586,
          0.56457365,
          1
        ]
      },
      {
        "date" : 775548759.166773,
        "title" : "Untitled",
        "transform" : [
          0.89127743,
          4.70803e-10,
          -0.4534584,
          0,
          -0.45318222,
          0.034899652,
          -0.89073455,
          0,
          0.01582551,
          0.9993909,
          0.031105248,
          0,
          0.16343743,
          2.127001,
          0.8237318,
          1
        ]
      },
      {
        "date" : 775548742.656316,
        "title" : "Untitled",
        "transform" : [
          0.89127743,
          4.70803e-10,
          -0.4534584,
          0,
          -0.45318222,
          0.034899652,
          -0.89073455,
          0,
          0.01582551,
          0.9993909,
          0.031105248,
          0,
          0.30107385,
          2.1127012,
          1.2131511,
          1
        ]
      },
      {
        "date" : 775548730.106046,
        "title" : "Untitled",
        "transform" : [
          0.89127743,
          4.7080384e-10,
          -0.4534584,
          0,
          -0.45318222,
          0.034899592,
          -0.89073455,
          0,
          0.015825482,
          0.9993909,
          0.031105194,
          0,
          0.4932809,
          2.1127012,
          1.1153588,
          1
        ]
      }
    ]
  },
  "sceneViewportBackgroundColors" : {

  },
  "selectedSceneRelativePath" : "Scene.usda"
}